2.028315
2.165183
2.460828
2.252238
2.083251
3.654426
3.493706
2.447083
2.183469
2.04554
2.424723
3.357487
2.565943
2.404357
2.324964
2.154523
2.281331
2.033772
2.053748
2.04581
2.154709
3.881249
2.594496
2.365129
2.372024
2.304147
2.302245
2.538499
2.320395
4.347331
3.019484
2.413402
2.592574
2.547986
2.096422
2.058647
2.16145
4.033576
2.026889
2.812603
2.825378
2.404872
2.461196
2.221278
2.252236
2.19384
2.698729
3.131669
5.370961
2.760335
2.376831
2.211443
2.243981
3.550086
2.116798
2.078947
2.000711
2.389377
2.438554
2.315079
3.044398
2.023937
3.707725
2.171487
2.185664
3.149387
2.068422
2.441225
2.234357
3.595957
2.300007
3.020978
2.095944
2.467751
2.567666
2.166245
2.022873
2.82216
2.098564
2.038205
2.098361
3.053496
2.066329
2.335438
2.419852
2.834828
2.009315
2.460856
2.106537
2.411646
2.065458
2.048068
2.01084
2.195639
2.38831
2.588355
2.085559
5.499224
2.024431
2.682087
3.398602
2.948315
2.791229
2.383473
2.306893
2.533769
2.484691
2.04084
2.380673
2.71072
4.350241
2.710821
2.190661
2.76208
2.986178
2.010503
3.056497
3.604789
2.507945
2.461348
2.164077
3.222932
2.091122
2.230983
2.656145
2.081989
2.037916
3.04122
2.160188
3.223084
2.842456
2.105877
3.485361
2.12735
2.85807
2.246182
3.457317
4.037135
3.121472
2.640456
4.165958
3.199646
3.92013
3.043117
3.453369
3.084862
2.108089
2.071664
2.295138
2.241384
2.455797
2.066551
2.022282
2.94342
2.400932
2.246994
2.109032
3.844953
2.030056
2.26949
4.689864
2.175127
2.058858
2.144889
2.9102
2.158462
3.592623
3.921186
2.759655
2.654481
2.020152
2.06832
2.270032
2.410474
2.59905
2.796071
2.255452
2.224987
3.022025
2.056885
2.720344
4.065028
2.016875
3.928647
2.419588
2.001601
4.734873
2.14966
2.322874
2.421243
3.337116
2.533804
2.061726
2.399914
3.364951
2.217391
4.642393
2.198124
3.474768
2.443338
