4.490513
4.311853
3.30281
4.650431
2.919232
2.854538
2.122626
4.132281
2.100351
5.274354
5.000262
1.784881
4.172441
2.290786
1.181536
1.091383
2.513248
3.649949
4.770316
2.365689
2.328781
1.223224
2.176337
10.2308
3.088413
3.91241
1.715248
1.955424
4.753624
6.201052
6.775727
4.277013
3.407986
3.180145
3.554113
3.878257
3.557795
2.436928
2.777528
3.813506
5.135031
3.220421
1.825987
3.028972
3.407919
4.834457
2.919246
2.651787
0.8772598
2.447292
4.005884
3.875178
1.762518
3.564605
4.010905
2.547734
6.047864
2.77853
0.5272678
4.92159
5.340396
4.435917
5.137359
5.077386
0.9485336
2.004192
0.9679171
3.438717
6.219538
4.317625
1.779742
4.901724
5.266873
1.013207
5.126586
3.552863
4.220803
3.368595
1.018601
0.6314173
1.794766
3.66026
4.945213
5.15409
1.2481
3.276053
2.581437
3.675843
2.184179
2.896038
4.73355
2.2886
5.598983
1.28367
2.526982
1.971456
0.6757337
4.087768
4.85169
3.355494
2.801344
2.672556
5.955915
6.284774
3.637104
3.182788
4.887467
3.612338
6.296816
0.4958818
5.764895
8.703021
3.479075
4.746393
9.137057
2.552321
3.307321
5.699835
0.7417305
4.94943
0.3538315
1.587143
5.589917
4.397079
4.82687
3.428388
3.55444
1.058599
3.759168
1.783311
2.833641
5.170191
4.629368
2.460979
6.391219
6.671076
3.00423
2.401138
8.173417
2.848423
5.071222
3.027412
3.333174
3.812989
0.3865814
3.649719
4.469446
2.401842
0.589581
2.382283
3.724143
4.304939
4.795659
0.5299992
6.0928
2.923077
3.690394
2.242735
4.104604
3.464661
5.842938
1.648528
3.925427
7.248903
3.997196
3.924809
9.173521
1.799226
2.970559
5.158557
3.475516
2.442989
6.138244
1.148758
6.600777
3.582527
2.000452
2.905122
6.095122
5.767772
5.163285
1.617215
1.446868
4.752257
2.257639
1.183686
4.428388
2.578214
4.203545
3.575993
4.924553
6.62778
1.727
6.69491
5.829504
2.845026
2.888985
6.666549
0.4294055
1.444247
1.060591
4.733367
5.320795
1.447748
2.795524
5.975572
4.024298
4.370805
3.872295
2.383848
